Initial Array
=============
840
746
380
202
702
358
880
266
420
426
560
370
782
484
685
866
819
901
48
320
563
862
283
93
731
955
908
800
356
381
748
548
479
480
750
181
839
630
799
611
408
712
981
543
548
666
761
368
920
161
688
835
23
323
280
755
630
188
555
986
921
655
534
400
136
636
933
975
267
732
938
675
444
919
570
993
938
331
713
210
493
401
397
516
724
677
623
706
217
179
693
138
186
579
890
322
216
823
649
483
555
587
510
352
859
81
697
797
412
410
359
257
163
756
774
239
785
749
945
354
928
638
844
467
570
734
789
786
557
791
621
464
378
131
168
589
564
865
386
329
627
97
586
790
853
712
29
638
462
327
344
742
965
188
209
887
922
999
673
479
790
294
296
520
426
464
110
342
330
848
671
309
946
610
100
151
322
481
142
784
808
486
879
126
675
88
13
597
439
39
429
581
333
725
102
111
189
564
454
871
764
477
181
710
87
633
214
410
114
356
546
275
842
425
753
869
514
766
819
305
805
600
887
491
325
989
602
866
905
408
90
669
886
271
732
325
256
946
87
370
654
634
997
496
411
750
718
277
869
537
583
26
137
470
869
814
811
472
32
716
232
122
737
470
745
821
796
1
767
883
724
421
869
73
270
281
824
988
558
45
877
493
423
366
963
293
180
126
117
564
842
349
687
932
820
784
753
616
786
873
499
862
294
369
935
916
2
111
256
912
508
133
406
932
499
369
225
31
496
342
596
690
43
635
974
863
419
728
831
557
601
683
771
247
404
707
516
406
170
772
318
31
906
724
963
757
446
540
789
942
234
737
984
277
372
959
493
791
687
324
701
640
7
472
239
411
531
755
817
702
528
488
85
786
212
48
543
658
940
684
952
174
421
937
803
793
896
296
937
935
621
638
927
628
110
518
392
642
274
209
696
154
49
781
940
262
181
835
272
121
520
225
647
293
514
450
439
762
99
376
49
72
366
976
700
476
846
444
470
120
6
518
274
55
299
566
317
832
402
942
305
274
519
952
919
33
755
358
147
206
734
196
278
452
524
330
281
370
775
751
843
781
270
117
836
921
36
506
106
790
448
411
64
967
364
983
352
471
694
499
677
428
47
955
233
571
285
514
293
60
265
136
193
887
606
30
161
642
536
267
432
336
678
848
655
394
183
359
865
877
210
894
658
257
849
891
180
487
405
473
899
22
610
93
262
568
123
423
210
11
690
994
699
720
194
706
115
377
65
332
607
275
227
265
532
76
508
712
915
913
537
815
287
147
908
549
715
383
324
277
746
366
623
445
87
817
151
554
547
568
886
154
843
465
419
727
894
927
439
809
192
976
624
831
476
532
733
543
267
57
821
13
424
444
458
863
614
961
769
161
529
655
315
724
121
86
451
15
365
242
176
557
571
801
740
47
685
473
942
953
531
115
966
307
560
777
522
526
90
291
687
620
298
2
696
771
88
148
138
805
390
315
714
313
116
454
360
153
928
655
106
811
770
425
470
682
202
344
208
644
635
895
616
285
249
313
57
689
461
195
494
203
510
208
517
978
663
229
132
943
884
238
106
7
15
928
689
569
272
898
214
907
793
830
192
395
143
601
84
956
797
579
512
659
139
29
638
154
610
770
97
847
360
555
854
376
483
543
945
755
441
159
14
587
990
559
334
485
160
418
442
957
349
954
617
489
335
607
995
297
377
93
144
737
648
998
465
132
894
411
239
687
922
254
274
912
813
608
750
973
379
544
283
80
498
252
921
185
859
917
482
588
362
979
677
10
329
143
494
223
906
86
263
828
340
889
93
153
850
843
478
229
387
113
309
237
717
231
774
928
500
256
516
862
587
194
224
917
689
71
492
595
157
755
775
497
645
868
2
495
63
832
76
450
298
737
39
15
320
813
944
820
422
812
682
9
358
907
278
47
330
771
994
487
878
770
336
523
638
338
370
702
522
446
504
820
184
544
188
504
357
484
677
131
296
359
141
655
618
771
54
948
542
49
787
773
819
123
648
809
813
19
863
688
817
368
860
353
264
48
210
621
532
887
105
829
598
598
836
217
369
890
517
912
939
657
37
110
780
685
920
946
704
783
634
874
503
494
227
767
543
437
741
427
324
846
608
923
444
444
492
813
335
361
77
626
18
114
737
151
800
9
97
856
792
83
730
648
929
958
415
824
747
156
252
72
354
860
347
798
305
839
964
992
552
41
618
571
508
355
74
660
364
523
516
509
606
599
157
535
909
924
360
656
81
964
728
787
824
427
586
481
618
902
473
171
295
92
94
803


Sorted Array
============
1
2
2
2
6
7
7
9
9
10
11
13
13
14
15
15
15
18
19
22
23
26
29
29
30
31
31
32
33
36
37
39
39
41
43
45
47
47
47
48
48
48
49
49
49
54
55
57
57
60
63
64
65
71
72
72
73
74
76
76
77
80
81
81
83
84
85
86
86
87
87
87
88
88
90
90
92
93
93
93
93
94
97
97
97
99
100
102
105
106
106
106
110
110
110
111
111
113
114
114
115
115
116
117
117
120
121
121
122
123
123
126
126
131
131
132
132
133
136
136
137
138
138
139
141
142
143
143
144
147
147
148
151
151
151
153
153
154
154
154
156
157
157
159
160
161
161
161
163
168
170
171
174
176
179
180
180
181
181
181
183
184
185
186
188
188
188
189
192
192
193
194
194
195
196
202
202
203
206
208
208
209
209
210
210
210
210
212
214
214
216
217
217
223
224
225
225
227
227
229
229
231
232
233
234
237
238
239
239
239
242
247
249
252
252
254
256
256
256
257
257
262
262
263
264
265
265
266
267
267
267
270
270
271
272
272
274
274
274
274
275
275
277
277
277
278
278
280
281
281
283
283
285
285
287
291
293
293
293
294
294
295
296
296
296
297
298
298
299
305
305
305
307
309
309
313
313
315
315
317
318
320
320
322
322
323
324
324
324
325
325
327
329
329
330
330
330
331
332
333
334
335
335
336
336
338
340
342
342
344
344
347
349
349
352
352
353
354
354
355
356
356
357
358
358
358
359
359
359
360
360
360
361
362
364
364
365
366
366
366
368
368
369
369
369
370
370
370
370
372
376
376
377
377
378
379
380
381
383
386
387
390
392
394
395
397
400
401
402
404
405
406
406
408
408
410
410
411
411
411
411
412
415
418
419
419
420
421
421
422
423
423
424
425
425
426
426
427
427
428
429
432
437
439
439
439
441
442
444
444
444
444
444
445
446
446
448
450
450
451
452
454
454
458
461
462
464
464
465
465
467
470
470
470
470
471
472
472
473
473
473
476
476
477
478
479
479
480
481
481
482
483
483
484
484
485
486
487
487
488
489
491
492
492
493
493
493
494
494
494
495
496
496
497
498
499
499
499
500
503
504
504
506
508
508
508
509
510
510
512
514
514
514
516
516
516
516
517
517
518
518
519
520
520
522
522
523
523
524
526
528
529
531
531
532
532
532
534
535
536
537
537
540
542
543
543
543
543
543
544
544
546
547
548
548
549
552
554
555
555
555
557
557
557
558
559
560
560
563
564
564
564
566
568
568
569
570
570
571
571
571
579
579
581
583
586
586
587
587
587
588
589
595
596
597
598
598
599
600
601
601
602
606
606
607
607
608
608
610
610
610
611
614
616
616
617
618
618
618
620
621
621
621
623
623
624
626
627
628
630
630
633
634
634
635
635
636
638
638
638
638
638
640
642
642
644
645
647
648
648
648
649
654
655
655
655
655
655
656
657
658
658
659
660
663
666
669
671
673
675
675
677
677
677
677
678
682
682
683
684
685
685
685
687
687
687
687
688
688
689
689
689
690
690
693
694
696
696
697
699
700
701
702
702
702
704
706
706
707
710
712
712
712
713
714
715
716
717
718
720
724
724
724
724
725
727
728
728
730
731
732
732
733
734
734
737
737
737
737
737
740
741
742
745
746
746
747
748
749
750
750
750
751
753
753
755
755
755
755
755
756
757
761
762
764
766
767
767
769
770
770
770
771
771
771
771
772
773
774
774
775
775
777
780
781
781
782
783
784
784
785
786
786
786
787
787
789
789
790
790
790
791
791
792
793
793
796
797
797
798
799
800
800
801
803
803
805
805
808
809
809
811
811
812
813
813
813
813
814
815
817
817
817
819
819
819
820
820
820
821
821
823
824
824
824
828
829
830
831
831
832
832
835
835
836
836
839
839
840
842
842
843
843
843
844
846
846
847
848
848
849
850
853
854
856
859
859
860
860
862
862
862
863
863
863
865
865
866
866
868
869
869
869
869
871
873
874
877
877
878
879
880
883
884
886
886
887
887
887
887
889
890
890
891
894
894
894
895
896
898
899
901
902
905
906
906
907
907
908
908
909
912
912
912
913
915
916
917
917
919
919
920
920
921
921
921
922
922
923
924
927
927
928
928
928
928
929
932
932
933
935
935
937
937
938
938
939
940
940
942
942
942
943
944
945
945
946
946
946
948
952
952
953
954
955
955
956
957
958
959
961
963
963
964
964
965
966
967
973
974
975
976
976
978
979
981
983
984
986
988
989
990
992
993
994
994
995
997
998
999
